0.999
0.974
0.984
0.635
0.553
0.996
0.996
0.996
0.993
0.986
0.980
0.944
0.998
0.983
0.966
0.874
0.868
0.619
0.992
0.618
0.523
0.996
0.987
0.965
0.485
0.922
0.822
0.997
0.984
0.980
0.582
0.477
0.981
0.965
0.792
1.000
0.994
0.997
0.995
0.994
0.990
0.985
0.939
0.722
0.653
0.393
0.318
0.992
0.999
0.969
0.998
0.991
0.799
0.999
0.981
0.852
0.670
0.472
0.546
0.530
0.513
0.988
0.999
0.998
0.997
0.997
0.343
0.999
0.997
0.731
1.000
0.992
0.990
0.973
0.985
1.000
0.996
0.995
0.994
0.882
0.734
1.000
0.991
0.991
0.984
0.936
0.870
0.403
0.998
0.864
0.997
0.702
1.000
0.995
0.984
0.993
0.995
0.844
0.987
0.997
0.997
0.995
0.994
0.994
0.980
0.977
0.974
0.960
0.953
0.929
0.856
0.841
0.841
0.993
0.993
0.993
0.988
0.984
0.975
0.965
0.818
0.611
0.999
0.939
0.990
0.989
0.980
0.925
0.850
0.825
0.750
0.590
0.985
0.982
0.933
0.525
0.479
0.434
0.817
0.333
0.970
0.994
0.635
0.509
0.996
0.997
0.988
0.997
0.996
0.926
0.879
0.475
0.999
0.994
0.982
0.943
0.827
0.743
0.554
0.308
0.307
0.957
0.807
1.000
0.996
0.439
0.991
0.915
0.891
0.543
0.892
0.666
0.996
0.580
0.305
1.000
0.884
0.884
0.654
0.421
0.356
0.984
0.998
0.998
0.997
0.996
0.978
0.973
0.744
0.319
0.988
0.985
0.978
0.975
0.953
0.912
0.845
0.799
0.793
0.759
0.727
0.685
0.675
0.664
0.623
0.612
0.573
0.552
0.466
0.997
0.876
0.522
0.444
0.999
0.999
0.998
0.998
0.998
0.997
0.988
0.981
0.970
0.989
0.988
0.753
0.993
0.982
0.874
0.998
0.994
0.653
0.567
1.000
0.999
0.999
0.999
0.998
0.997
0.997
0.995
0.973
0.821
0.790
0.516
1.000
0.984
0.999
0.980
0.999
0.997
0.993
0.992
0.990
0.947
0.802
0.751
0.998
0.397
0.986
0.996
1.000
1.000
0.998
0.990
0.979
0.949
0.879
0.773
0.771
0.737
0.653
0.646
0.497
0.966
1.000
0.996
0.997
0.991
0.850
0.999
0.990
0.804
0.625
1.000
1.000
1.000
0.999
0.999
0.998
0.998
0.998
0.997
0.996
0.995
0.987
0.916
0.872
0.999
0.997
0.995
0.896
0.997
0.994
0.992
0.992
0.972
0.940
0.930
0.875
0.815
0.498
0.990
0.998
0.982
0.979
0.670
0.566
0.425
0.936
0.998
0.960
0.886
0.686
1.000
0.998
0.994
0.994
0.939
0.912
0.876
0.856
0.823
0.639
0.578
0.539
0.989
0.999
0.998
0.994
0.984
0.923
0.778
0.996
0.999
0.998
0.998
0.996
0.994
0.991
0.988
0.986
0.980
0.912
0.754
0.596
0.447
0.999
0.993
0.989
0.989
0.740
1.000
0.999
0.912
0.991
0.919
0.880
0.622
0.350
0.996
0.860
0.827
0.729
0.569
0.385
0.998
0.997
0.994
0.994
0.993
0.985
0.977
0.867
0.619
0.509
0.485
0.978
0.995
0.998
0.984
0.583
0.573
0.999
0.968
0.996
0.995
0.993
0.989
0.963
0.922
0.919
0.900
0.884
0.879
0.762
0.484
0.461
0.360
0.306
0.982
0.979
0.998
0.998
0.998
0.979
0.992
0.976
0.826
0.301
1.000
1.000
0.999
0.999
0.989
0.966
0.767
0.748
0.994
0.989
0.999
0.996
0.989
0.880
0.999
0.993
0.992
0.957
0.946
0.919
0.770
0.670
0.627
0.453
0.999
0.989
0.974
0.582
0.990
0.988
0.996
0.628
0.998
0.834
0.793
0.554
0.998
0.998
0.737
0.564
0.670
0.988
0.538
0.994
0.994
0.590
0.533
0.414
0.315
0.996
0.666
0.984
0.879
0.999
0.997
0.975
0.941
0.692
0.640
0.583
0.994
0.826
1.000
0.996
0.476
0.415
0.993
0.956
0.481
0.913
0.998
0.997
0.994
0.867
0.459
0.999
0.974
0.963
0.843
1.000
1.000
0.984
0.982
0.963
0.804
0.987
0.996
0.995
0.995
0.992
0.998
0.997
0.977
0.986
0.913
0.494
0.994
0.800
0.725
0.623
0.844
1.000
0.994
0.447
0.974
1.000
0.999
0.994
0.984
0.979
0.723
0.981
0.910
0.354
0.991
0.445
0.433
0.998
0.990
0.988
0.987
0.983
0.970
0.937
0.678
0.938
0.999
0.997
0.995
0.925
0.999
0.996
0.992
0.950
0.931
0.755
0.703
0.997
0.997
0.996
0.987
0.979
0.973
0.971
0.999
0.997
0.997
0.995
0.994
0.988
0.983
0.981
0.975
0.832
0.999
0.997
0.998
1.000
0.998
0.740
0.433
0.855
0.998
0.786
0.478
1.000
0.993
0.989
0.986
0.893
0.892
0.684
0.613
0.314
0.997
0.989
0.958
0.997
0.989
0.996
0.989
0.985
0.628
0.991
0.986
0.985
0.973
0.963
0.960
0.860
0.840
0.992
0.392
0.999
0.968
0.839
0.702
0.999
0.998
0.993
0.963
0.926
0.651
0.998
0.996
0.863
0.988
0.800
0.814
0.439
0.997
0.897
0.811
0.758
0.756
0.601
0.572
1.000
0.976
0.601
0.416
0.360
0.999
0.997
0.401
0.965
0.757
0.751
0.465
0.984
0.971
0.940
1.000
0.998
0.787
0.686
0.557
0.529
0.522
0.487
0.998
0.992
0.982
0.919
0.893
0.996
1.000
0.997
0.997
0.992
0.960
0.998
0.993
0.349
0.999
0.982
0.817
0.971
0.971
0.946
0.999
0.999
0.999
0.998
0.998
0.993
0.987
0.971
0.949
0.942
0.999
0.999
0.978
0.590
0.470
0.998
0.998
0.990
0.988
0.957
0.661
0.997
0.833
0.599
0.996
0.987
0.991
0.971
0.999
0.998
0.980
0.949
0.999
0.999
0.987
0.956
0.927
0.565
1.000
0.999
0.999
0.990
0.961
0.959
0.873
0.838
0.716
0.622
0.871
0.999
0.979
0.831
0.666
0.999
0.994
0.973
0.888
0.752
0.971
0.449
0.988
0.999
0.980
0.899
0.797
0.795
0.501
0.937
0.996
0.992
0.942
0.935
0.916
0.431
0.935
0.999
0.999
0.844
0.998
0.991
0.869
0.894
0.357
0.999
0.992
0.986
0.979
0.959
0.482
0.880
0.405
0.997
0.995
0.987
0.884
0.839
0.709
0.705
1.000
0.989
1.000
0.998
0.710
0.452
0.443
0.330
0.937
0.884
0.999
0.986
0.956
1.000
1.000
0.998
0.997
0.995
0.993
0.824
1.000
0.992
0.722
1.000
1.000
0.983
0.968
0.930
0.726
0.917
0.998
0.999
0.999
0.927
0.982
0.999
0.635
0.366
0.997
0.976
0.999
0.999
0.995
0.993
0.791
0.712
0.555
0.520
0.767
0.995
0.997
0.991
0.896
0.889
0.838
0.764
0.997
0.909
0.995
1.000
0.998
0.989
0.785
0.981
0.981
0.969
0.650
0.613
0.924
0.766
0.649
0.995
0.999
0.995
0.994
0.951
0.634
1.000
0.998
0.996
0.994
0.994
0.988
0.945
0.942
0.940
0.901
0.993
0.980
0.999
0.996
0.996
0.987
0.978
0.955
0.954
0.868
0.991
0.998
0.989
0.802
0.992
0.980
0.714
0.985
0.973
0.859
0.719
1.000
0.999
0.998
0.997
0.996
0.995
0.994
0.985
0.971
0.963
0.716
0.665
0.996
0.996
0.994
0.992
0.983
0.983
0.963
0.923
0.917
0.855
0.462
0.946
0.834
0.996
0.983
0.999
0.975
0.830
0.821
0.436
0.999
0.999
0.998
0.998
0.998
0.996
0.996
0.992
0.990
0.987
0.986
0.983
0.979
0.966
0.949
0.935
0.935
0.884
0.706
0.999
0.357
0.477
0.992
0.998
0.995
0.995
0.532
0.995
0.992
0.983
0.964
0.918
0.804
0.336
0.981
0.989
0.990
0.980
0.918
0.661
0.567
0.999
0.999
0.993
0.986
0.979
0.977
0.977
0.933
0.918
0.892
0.773
0.700
0.588
0.515
0.461
0.997
0.614
0.320
0.661
0.581
0.993
0.998
0.998
0.999
0.994
0.981
0.967
0.925
0.919
0.921
0.904
0.843
0.838
0.682
0.582
0.529
1.000
0.998
0.550
0.999
0.982
0.999
0.989
0.965
0.999
0.823
0.997
0.996
0.996
0.826
0.741
0.996
0.990
0.989
0.989
0.983
0.836
0.737
0.993
0.997
0.987
0.964
0.997
0.992
0.991
0.899
0.594
0.994
0.987
0.611
0.320
0.999
0.998
0.995
0.965
0.951
0.999
0.974
0.984
0.635
0.553
0.996
0.996
0.996
0.993
0.986
0.980
0.944
0.998
0.983
0.966
0.874
0.868
0.619
0.992
0.618
0.523
0.996
0.987
0.965
0.485
0.922
0.822
0.997
0.984
0.980
0.582
0.477
0.981
0.965
0.792
1.000
0.994
0.997
0.995
0.994
0.990
0.985
0.939
0.722
0.653
0.393
0.318
0.992
0.999
0.969
0.998
0.991
0.799
0.999
0.981
0.852
0.670
0.472
0.546
0.530
0.513
0.988
0.999
0.998
0.997
0.997
0.343
0.999
0.997
0.731
1.000
0.992
0.990
0.973
0.985
1.000
0.996
0.995
0.994
0.882
0.734
1.000
0.991
0.991
0.984
0.936
0.870
0.403
0.998
0.864
0.997
0.702
1.000
0.995
0.984
0.993
0.995
0.844
0.987
0.997
0.997
0.995
0.994
0.994
0.980
0.977
0.974
0.960
0.953
0.929
0.856
0.841
0.841
0.993
0.993
0.993
0.988
0.984
0.975
0.965
0.818
0.611
0.999
0.939
0.990
0.989
0.980
0.925
0.850
0.825
0.750
0.590
0.985
0.982
0.933
0.525
0.479
0.434
0.817
0.333
0.970
0.994
0.635
0.509
0.996
0.997
0.988
0.997
0.996
0.926
0.879
0.475
0.999
0.994
0.982
0.943
0.827
0.743
0.554
0.308
0.307
0.957
0.807
1.000
0.996
0.439
0.991
0.915
0.891
0.543
0.892
0.666
0.996
0.580
0.305
1.000
0.884
0.884
0.654
0.421
0.356
0.984
0.998
0.998
0.997
0.996
0.978
0.973
0.744
0.319
0.988
0.985
0.978
0.975
0.953
0.912
0.845
0.799
0.793
0.759
0.727
0.685
0.675
0.664
0.623
0.612
0.573
0.552
0.466
0.997
0.876
0.522
0.444
0.999
0.999
0.998
0.998
0.998
0.997
0.988
0.981
0.970
0.989
0.988
0.753
0.993
0.982
0.874
0.998
0.994
0.653
0.567
1.000
0.999
0.999
0.999
0.998
0.997
0.997
0.995
0.973
0.821
0.790
0.516
1.000
0.984
0.999
0.980
0.999
0.997
0.993
0.992
0.990
0.947
0.802
0.751
0.998
0.397
0.986
0.996
1.000
1.000
0.998
0.990
0.979
0.949
0.879
0.773
0.771
0.737
0.653
0.646
0.497
0.966
1.000
0.996
0.997
0.991
0.850
0.999
0.990
0.804
0.625
1.000
1.000
1.000
0.999
0.999
0.998
0.998
0.998
0.997
0.996
0.995
0.987
0.916
0.872
0.999
0.997
0.995
0.896
0.997
0.994
0.992
0.992
0.972
0.940
0.930
0.875
0.815
0.498
0.990
0.998
0.982
0.979
0.670
0.566
0.425
0.936
0.998
0.960
0.886
0.686
1.000
0.998
0.994
0.994
0.939
0.912
0.876
0.856
0.823
0.639
0.578
0.539
0.989
0.999
0.998
0.994
0.984
0.923
0.778
0.996
0.999
0.998
0.998
0.996
0.994
0.991
0.988
0.986
0.980
0.912
0.754
0.596
0.447
0.999
0.993
0.989
0.989
0.740
1.000
0.999
0.912
0.991
0.919
0.880
0.622
0.350
0.996
0.860
0.827
0.729
0.569
0.385
0.998
0.997
0.994
0.994
0.993
0.985
0.977
0.867
0.619
0.509
0.485
0.978
0.995
0.998
0.984
0.583
0.573
0.999
0.968
0.996
0.995
0.993
0.989
0.963
0.922
0.919
0.900
0.884
0.879
0.762
0.484
0.461
0.360
0.306
0.982
0.979
0.998
0.998
0.998
0.979
0.992
0.976
0.826
0.301
1.000
1.000
0.999
0.999
0.989
0.966
0.767
0.748
0.994
0.989
0.999
0.996
0.989
0.880
0.999
0.993
0.992
0.957
0.946
0.919
0.770
0.670
0.627
0.453
0.999
0.989
0.974
0.582
0.990
0.988
0.996
0.628
0.998
0.834
0.793
0.554
0.998
0.998
0.737
0.564
0.670
0.988
0.538
0.994
0.994
0.590
0.533
0.414
0.315
0.996
0.666
0.984
0.879
0.999
0.997
0.975
0.941
0.692
0.640
0.583
0.994
0.826
1.000
0.996
0.476
0.415
0.993
0.956
0.481
0.913
0.998
0.997
0.994
0.867
0.459
0.999
0.974
0.963
0.843
1.000
1.000
0.984
0.982
0.963
0.804
0.987
0.996
0.995
0.995
0.992
0.998
0.997
0.977
0.986
0.913
0.494
0.994
0.800
0.725
0.623
0.844
1.000
0.994
0.447
0.974
1.000
0.999
0.994
0.984
0.979
0.723
0.981
0.910
0.354
0.991
0.445
0.433
0.998
0.990
0.988
0.987
0.983
0.970
0.937
0.678
0.938
0.999
0.997
0.995
0.925
0.999
0.996
0.992
0.950
0.931
0.755
0.703
0.997
0.997
0.996
0.987
0.979
0.973
0.971
0.999
0.997
0.997
0.995
0.994
0.988
0.983
0.981
0.975
0.832
0.999
0.997
0.998
1.000
0.998
0.740
0.433
0.855
0.998
0.786
0.478
1.000
0.993
0.989
0.986
0.893
0.892
0.684
0.613
0.314
0.997
0.989
0.958
0.997
0.989
0.996
0.989
0.985
0.628
0.991
0.986
0.985
0.973
0.963
0.960
0.860
0.840
0.992
0.392
0.999
0.968
0.839
0.702
0.999
0.998
0.993
0.963
0.926
0.651
0.998
0.996
0.863
0.988
0.800
0.814
0.439
0.997
0.897
0.811
0.758
0.756
0.601
0.572
1.000
0.976
0.601
0.416
0.360
0.999
0.997
0.401
0.965
0.757
0.751
0.465
0.984
0.971
0.940
1.000
0.998
0.787
0.686
0.557
0.529
0.522
0.487
0.998
0.992
0.982
0.919
0.893
0.996
1.000
0.997
0.997
0.992
0.960
0.998
0.993
0.349
0.999
0.982
0.817
0.971
0.971
0.946
0.999
0.999
0.999
0.998
0.998
0.993
0.987
0.971
0.949
0.942
0.999
0.999
0.978
0.590
0.470
0.998
0.998
0.990
0.988
0.957
0.661
0.997
0.833
0.599
0.996
0.987
0.991
0.971
0.999
0.998
0.980
0.949
0.999
0.999
0.987
0.956
0.927
0.565
1.000
0.999
0.999
0.990
0.961
0.959
0.873
0.838
0.716
0.622
0.871
0.999
0.979
0.831
0.666
0.999
0.994
0.973
0.888
0.752
0.971
0.449
0.988
0.999
0.980
0.899
0.797
0.795
0.501
0.937
0.996
0.992
0.942
0.935
0.916
0.431
0.935
0.999
0.999
0.844
0.998
0.991
0.869
0.894
0.357
0.999
0.992
0.986
0.979
0.959
0.482
0.880
0.405
0.997
0.995
0.987
0.884
0.839
0.709
0.705
1.000
0.989
1.000
0.998
0.710
0.452
0.443
0.330
0.937
0.884
0.999
0.986
0.956
1.000
1.000
0.998
0.997
0.995
0.993
0.824
1.000
0.992
0.722
1.000
1.000
0.983
0.968
0.930
0.726
0.917
0.998
0.999
0.999
0.927
0.982
0.999
0.635
0.366
0.997
0.976
0.999
0.999
0.995
0.993
0.791
0.712
0.555
0.520
0.767
0.995
0.997
0.991
0.896
0.889
0.838
0.764
0.997
0.909
0.995
1.000
0.998
0.989
0.785
0.981
0.981
0.969
0.650
0.613
0.924
0.766
0.649
0.995
0.999
0.995
0.994
0.951
0.634
1.000
0.998
0.996
0.994
0.994
0.988
0.945
0.942
0.940
0.901
0.993
0.980
0.999
0.996
0.996
0.987
0.978
0.955
0.954
0.868
0.991
0.998
0.989
0.802
0.992
0.980
0.714
0.985
0.973
0.859
0.719
1.000
0.999
0.998
0.997
0.996
0.995
0.994
0.985
0.971
0.963
0.716
0.665
0.996
0.996
0.994
0.992
0.983
0.983
0.963
0.923
0.917
0.855
0.462
0.946
0.834
0.996
0.983
0.999
0.975
0.830
0.821
0.436
0.999
0.999
0.998
0.998
0.998
0.996
0.996
0.992
0.990
0.987
0.986
0.983
0.979
0.966
0.949
0.935
0.935
0.884
0.706
0.999
0.357
0.477
0.992
0.998
0.995
0.995
0.532
0.995
0.992
0.983
0.964
0.918
0.804
0.336
0.981
0.989
0.990
0.980
0.918
0.661
0.567
0.999
0.999
0.993
0.986
0.979
0.977
0.977
0.933
0.918
0.892
0.773
0.700
0.588
0.515
0.461
0.997
0.614
0.320
0.661
0.581
0.993
0.998
0.998
0.999
0.994
0.981
0.967
0.925
0.919
0.921
0.904
0.843
0.838
0.682
0.582
0.529
1.000
0.998
0.550
0.999
0.982
0.999
0.989
0.965
0.999
0.823
0.997
0.996
0.996
0.826
0.741
0.996
0.990
0.989
0.989
0.983
0.836
0.737
0.993
0.997
0.987
0.964
0.997
0.992
0.991
0.899
0.594
0.994
0.987
0.611
0.320
0.999
0.998
0.995
0.965
0.951
0.997
0.997
0.993
0.977
0.999
0.999
0.972
0.693
0.974
0.967
0.999
0.999
0.999
0.995
0.993
0.990
0.988
0.996
0.993
0.996
0.999
0.771
0.998
0.997
0.990
1.000
1.000
0.999
0.998
0.997
0.994
0.971
0.787
1.000
0.999
0.997
0.996
0.993
0.970
0.949
0.996
0.869
0.998
0.995
0.992
0.987
0.894
0.578
0.475
0.435
1.000
0.998
0.994
0.693
0.998
0.981
0.673
0.371
0.999
0.996
0.990
0.987
1.000
0.999
0.967
0.958
0.949
0.816
0.769
0.526
1.000
0.999
0.998
0.996
0.993
0.984
0.984
0.911
0.496
0.861
0.509
0.500
0.689
0.998
0.993
0.947
1.000
0.951
0.998
0.993
0.978
0.999
0.998
0.980
0.969
0.377
0.918
1.000
0.992
0.956
0.937
0.998
0.964
0.999
0.998
0.995
0.999
0.998
0.997
0.992
0.983
0.982
0.970
0.963
0.936
0.935
0.901
0.562
0.552
0.886
0.629
0.996
0.986
0.986
0.625
0.999
0.998
0.962
0.984
0.997
0.990
0.738
0.603
0.408
0.997
0.996
0.999
0.998
0.989
0.589
0.998
0.997
0.991
0.966
0.933
0.997
0.997
0.469
0.304
0.531
0.365
0.920
0.898
0.804
0.729
0.611
0.994
0.806
0.994
0.992
0.990
0.859
0.601
0.589
0.993
0.993
0.989
0.981
0.971
0.969
0.957
0.895
0.854
0.822
0.803
0.771
0.714
0.528
0.510
0.781
0.997
0.991
0.987
1.000
0.999
0.999
0.997
0.987
0.986
0.985
0.982
0.981
0.981
0.948
0.571
0.999
0.999
0.999
0.952
0.951
0.647
0.998
0.984
1.000
0.993
0.947
0.985
0.808
0.638
0.961
0.998
0.997
0.842
0.994
0.991
0.989
0.973
0.972
0.899
0.621
0.550
0.518
1.000
0.988
0.912
0.869
1.000
0.998
0.998
0.997
0.992
0.968
0.924
0.802
0.988
0.979
0.999
0.999
0.998
0.994
0.974
0.992
0.694
0.596
0.572
0.522
0.504
0.437
0.390
0.996
0.993
0.992
0.991
0.952
0.523
0.485
1.000
0.817
0.999
0.726
0.998
0.996
0.955
0.843
0.996
0.993
0.769
0.562
0.554
0.998
0.997
0.997
0.997
0.996
0.994
0.988
0.979
0.724
0.631
0.999
0.998
0.579
0.495
0.984
0.980
0.978
0.513
0.541
0.396
0.982
0.955
0.925
0.897
0.818
0.717
0.998
0.867
0.739
0.725
0.998
0.965
1.000
1.000
0.999
0.998
0.997
0.987
0.974
0.947
0.945
0.945
0.928
0.903
0.886
0.671
0.657
1.000
0.850
0.974
0.650
0.885
0.975
0.990
0.984
0.943
0.999
0.977
1.000
0.999
0.999
0.997
0.996
0.995
0.992
0.979
0.958
0.918
0.894
0.983
0.749
0.695
0.472
0.453
0.387
1.000
1.000
1.000
1.000
1.000
0.999
0.999
0.999
0.998
0.991
0.983
0.950
0.999
0.880
0.843
0.726
0.989
0.967
1.000
0.998
0.733
0.953
0.998
0.979
0.959
0.949
0.926
0.924
0.723
0.997
0.996
0.988
0.986
0.961
0.551
1.000
0.644
0.612
0.999
0.985
0.966
0.545
0.992
0.670
1.000
0.995
0.689
0.999
0.573
1.000
0.988
0.930
1.000
1.000
0.998
0.991
0.989
0.985
0.973
0.928
0.778
0.632
0.999
0.971
0.512
1.000
0.995
0.993
1.000
1.000
1.000
1.000
1.000
0.999
0.999
0.999
0.999
0.998
0.998
0.998
0.996
0.995
0.983
0.974
0.898
0.990
0.998
0.692
0.997
0.972
0.382
0.998
0.998
0.997
0.993
0.984
0.923
0.894
0.516
0.999
0.987
0.601
1.000
0.999
0.955
0.424
0.858
0.999
0.998
0.998
0.952
0.704
0.540
0.503
0.994
0.333
0.971
0.965
0.909
0.470
0.953
0.724
0.989
0.994
0.813
0.495
0.925
0.625
0.988
0.999
0.962
0.894
0.756
0.915
0.681
0.999
0.926
0.998
0.998
0.951
0.902
0.994
0.895
0.997
0.993
1.000
0.996
0.713
0.944
0.883
0.770
0.999
0.504
1.000
0.984
0.982
0.963
0.951
0.934
0.748
0.998
0.771
0.688
0.998
0.986
0.960
0.796
0.751
0.955
0.901
0.998
0.995
0.824
0.491
0.452
0.999
0.925
0.997
0.977
0.996
0.962
0.955
0.543
0.909
0.995
0.989
0.980
0.975
0.872
0.649
0.355
0.970
0.999
0.981
0.939
0.423
0.997
0.996
0.997
1.000
0.999
0.999
0.999
0.999
0.997
0.992
0.996
0.948
0.946
0.999
0.999
0.998
0.997
0.996
0.995
0.916
0.609
0.995
0.994
0.967
0.913
0.822
0.543
0.321
0.999
0.997
1.000
0.996
0.998
0.989
0.899
0.998
0.983
0.843
0.649
0.336
0.996
0.550
0.382
0.991
0.914
0.404
0.990
0.393
1.000
0.998
0.991
0.977
0.468
0.987
0.998
0.994
0.976
0.972
0.907
0.840
0.814
0.813
0.770
0.739
0.665
0.650
0.647
0.634
0.600
0.547
0.537
0.496
0.475
0.454
0.400
0.982
1.000
0.999
0.998
0.996
0.991
0.986
0.985
0.817
0.997
0.951
0.894
0.818
0.799
0.717
0.581
0.998
0.892
1.000
0.998
0.995
0.800
0.997
0.984
0.976
0.851
0.800
0.635
0.317
0.998
0.998
0.794
0.533
0.999
0.757
0.675
0.998
0.999
0.699
0.976
0.960
0.531
0.999
0.991
0.974
0.915
0.680
0.974
0.999
0.996
0.974
0.931
0.994
0.967
0.853
0.999
0.951
0.607
0.999
0.992
0.977
0.998
0.996
0.990
0.973
0.509
0.997
0.931
0.802
0.719
0.687
0.460
0.994
0.999
0.999
0.994
0.985
0.976
0.999
0.995
0.992
0.975
0.722
0.539
0.695
0.317
0.955
1.000
0.999
0.999
0.999
0.997
0.997
0.697
0.825
0.934
1.000
0.989
0.995
0.982
0.834
0.745
0.720
0.358
0.340
0.992
0.900
0.800
0.999
0.997
0.844
0.519
0.998
0.996
0.995
0.990
0.604
1.000
1.000
1.000
1.000
1.000
1.000
1.000
1.000
1.000
1.000
0.999
0.991
0.513
0.965
0.859
0.312
0.999
0.998
0.988
0.987
0.955
0.953
0.951
0.432
1.000
0.999
0.978
0.970
0.742
0.361
0.999
0.999
0.998
0.998
0.988
0.984
0.981
0.888
0.716
0.706
0.590
0.359
1.000
0.998
0.996
0.994
0.884
0.729
0.992
0.996
0.943
0.815
0.492
0.465
0.972
0.969
0.999
0.998
0.999
0.999
0.995
0.994
0.994
0.981
0.930
0.548
0.533
0.802
0.611
0.577
0.533
0.503
0.404
0.395
0.336
0.716
0.999
0.998
0.997
0.990
0.975
0.970
0.904
0.899
0.999
0.998
0.991
0.997
0.995
0.965
0.998
0.999
0.956
0.815
0.998
0.999
0.998
0.994
0.993
0.985
0.938
0.931
0.803
0.794
0.587
0.505
0.932
0.863
0.754
0.481
0.995
0.976
0.837
0.711
0.993
0.357
0.337
0.319
0.996
0.977
0.976
0.924
0.877
0.997
0.995
0.974
0.954
0.810
0.780
0.593
0.999
0.996
0.996
0.985
0.947
0.945
0.942
0.901
0.789
0.755
0.999
0.998
0.996
0.996
0.994
0.755
0.757
0.999
0.994
0.989
0.527
0.365
1.000
0.930
0.998
0.654
0.999
0.989
0.987
0.993
0.945
0.989
0.983
0.978
0.998
0.997
0.994
0.989
0.961
0.942
0.899
0.738
0.995
0.990
0.995
0.988
0.974
0.944
0.893
0.997
0.997
0.996
0.995
0.927
0.700
0.680
0.999
0.982
0.814
0.431
1.000
0.999
0.997
0.964
0.484
0.994
0.998
0.989
0.986
0.944
0.649
0.439
0.384
0.323
0.312
0.996
1.000
1.000
0.999
0.998
0.998
0.996
0.994
0.994
0.991
0.985
0.981
0.980
0.971
0.968
0.953
0.951
0.941
0.941
0.928
0.914
0.913
0.905
0.877
0.845
0.693
0.558
0.996
0.993
0.992
0.988
0.977
0.905
0.651
0.888
0.536
0.424
0.996
0.992
0.998
0.995
0.985
0.930
0.343
0.999
0.997
0.968
0.572
0.310
0.992
0.630
0.385
0.908
0.892
0.577
0.471
0.996
0.995
0.994
0.992
0.981
0.981
0.970
0.969
0.707
0.398
0.627
0.706
0.996
0.993
0.974
0.998
0.777
0.998
0.994
0.973
0.965
0.930
0.648
0.872
0.860
0.478
0.998
0.992
0.980
0.608
0.998
0.997
0.986
0.968
0.888
0.814
0.763
0.706
0.995
0.990
0.988
0.982
0.981
0.978
0.971
0.970
0.811
0.781
0.351
0.785
0.770
0.608
1.000
0.991
1.000
0.996
0.993
1.000
0.999
0.997
0.988
0.986
0.985
0.968
0.967
0.952
0.997
0.958
0.861
0.789
0.747
0.573
0.970
0.441
0.397
0.996
0.980
0.937
0.839
0.818
0.708
0.636
0.564
0.483
0.316
0.301
0.996
0.995
0.344
0.563
0.399
0.318
0.981
0.994
1.000
0.992
0.988
0.966
1.000
0.999
0.889
0.588
0.999
0.991
0.983
0.882
0.693
0.648
0.635
0.400
0.990
0.935
0.463
0.417
0.416
0.323
0.315
0.994
0.969
0.944
0.936
0.916
0.912
0.898
0.891
0.887
0.814
0.725
0.632
0.619
0.575
0.570
0.511
0.473
0.307
0.999
0.993
0.990
0.986
0.831
0.458
0.925
0.999
0.986
0.965
0.713
0.947
0.985
0.962
0.887
0.655
0.382
0.772
0.999
0.990
0.955
0.952
0.941
0.967
0.983
0.972
0.992
0.978
0.718
0.696
0.301
0.933
0.484
0.431
0.998
0.997
0.994
0.994
0.990
0.990
0.985
0.984
0.978
0.965
0.952
0.937
0.905
0.846
0.827
0.818
0.631
0.535
0.385
0.983
0.939
0.775
0.667
0.608
0.553
0.369
0.420
0.410
0.459
0.995
0.983
0.933
0.902
0.998
0.996
0.995
0.995
1.000
0.999
0.997
0.786
0.995
0.986
0.349
0.649
0.394
0.975
0.767
0.999
0.993
0.993
0.940
0.998
0.998
0.997
0.998
0.991
0.903
0.303
0.995
0.942
0.998
0.998
0.998
0.998
0.998
0.998
0.998
0.997
0.996
0.991
0.991
0.988
0.978
0.977
0.949
0.909
0.937
1.000
0.987
0.998
0.998
0.990
0.988
0.864
0.652
0.612
0.999
0.996
0.653
1.000
0.999
0.999
0.999
0.999
0.993
0.986
0.993
0.991
0.990
0.989
0.891
0.996
0.700
0.999
0.955
0.998
0.998
0.998
0.992
0.991
0.968
0.672
0.623
0.994
0.916
0.739
0.491
0.998
0.994
0.993
0.931
0.863
0.995
0.990
0.965
0.450
0.431
0.355
1.000
0.999
0.424
0.999
0.990
0.999
0.976
0.932
0.641
0.997
0.993
0.983
0.835
0.784
0.989
0.944
0.996
0.989
0.835
0.744
0.505
0.502
1.000
0.979
0.818
0.702
0.538
0.395
0.327
0.755
0.988
0.718
0.998
0.999
0.998
0.997
0.997
0.996
0.996
0.995
0.978
0.973
0.959
0.944
0.903
0.838
0.829
0.588
0.996
0.866
0.998
0.993
0.997
0.997
0.992
0.864
0.850
0.766
0.671
0.450
0.374
0.327
0.953
0.940
0.921
1.000
0.999
0.999
0.998
0.995
0.994
0.992
0.861
0.697
0.654
0.383
0.309
0.998
0.990
0.950
0.949
1.000
1.000
1.000
0.999
0.998
0.997
0.997
0.997
0.997
0.996
0.996
0.995
0.994
0.993
0.989
0.983
0.983
0.973
0.972
0.960
0.956
0.943
0.921
0.887
0.999
0.979
0.804
0.644
0.998
0.585
0.963
0.933
0.670
1.000
0.998
0.979
0.995
0.985
0.972
0.970
0.995
0.560
0.981
0.978
0.997
0.995
0.994
0.944
0.915
0.903
0.412
0.999
0.907
0.684
0.509
1.000
1.000
0.997
0.987
0.984
0.932
0.762
1.000
0.999
0.999
0.999
0.988
0.905
0.865
0.559
0.891
0.997
0.997
0.995
0.994
0.992
0.990
0.990
0.990
0.986
0.979
0.950
0.948
0.929
0.571
1.000
0.996
0.993
0.735
0.467
0.752
0.991
0.363
0.361
0.999
0.998
0.566
0.999
0.989
0.616
0.384
0.999
0.983
0.971
0.992
0.982
0.818
0.783
0.514
0.867
0.764
0.603
0.462
0.936
0.999
0.997
0.993
0.932
0.996
0.876
0.712
0.998
0.998
0.993
0.858
0.401
0.958
0.570
0.992
0.932
0.829
0.997
0.925
0.998
0.998
0.996
0.990
0.988
0.978
0.975
0.967
0.825
0.792
0.770
0.746
0.592
0.488
0.346
0.998
0.977
0.679
1.000
0.683
0.999
0.998
0.998
0.993
0.991
0.999
0.999
1.000
0.999
0.991
0.989
0.988
0.969
0.999
0.991
0.907
0.988
0.559
0.468
0.999
0.997
0.996
0.986
0.986
0.975
0.973
0.934
1.000
1.000
0.999
0.909
0.378
0.997
0.997
0.997
0.981
0.962
1.000
0.999
0.998
0.997
0.688
0.633
0.946
0.385
0.365
0.999
0.997
0.996
0.995
0.936
0.882
0.994
0.991
0.501
1.000
0.998
0.996
0.996
0.990
0.985
0.976
0.973
0.964
0.990
0.945
0.528
0.431
0.345
1.000
0.986
0.985
0.963
0.979
0.996
0.996
0.991
0.768
0.993
0.993
0.982
0.967
0.485
0.424
0.994
0.992
0.991
0.985
0.956
0.896
0.969
0.999
0.998
0.997
0.996
0.991
0.962
0.890
0.808
0.350
0.997
0.995
0.540
0.999
0.997
0.989
0.999
0.731
0.999
0.998
0.944
0.508
0.999
0.990
0.995
0.993
0.844
0.754
0.747
0.995
0.994
0.886
0.664
0.591
0.977
0.997
0.997
0.997
0.993
0.992
0.767
0.954
0.928
0.540
1.000
1.000
0.997
0.990
0.987
0.926
1.000
0.999
0.999
0.991
0.989
0.830
0.663
0.952
0.997
0.968
1.000
0.999
0.999
0.997
0.997
0.996
0.992
0.991
0.646
1.000
0.995
0.991
0.991
0.974
0.594
0.303
0.998
0.996
0.719
0.585
0.809
0.800
0.388
0.996
0.672
0.655
0.997
0.702
0.992
0.736
1.000
0.956
0.992
0.362
0.717
0.979
0.966
0.939
0.938
0.441
0.997
0.995
0.971
0.911
0.888
0.995
0.811
0.644
0.998
0.996
0.973
0.853
0.320
0.998
0.997
0.996
0.967
0.920
1.000
0.999
0.998
0.995
0.979
0.973
0.971
0.609
0.480
0.947
0.999
0.993
0.989
0.998
0.988
0.985
0.984
0.527
0.949
0.955
0.824
0.998
0.996
0.995
0.991
0.988
0.965
0.956
0.999
0.877
0.977
0.420
0.998
0.994
0.985
0.791
0.933
0.789
0.752
0.398
0.997
0.995
0.959
0.706
0.995
0.994
0.992
0.985
0.996
1.000
1.000
1.000
0.999
0.998
0.998
0.999
0.998
0.983
0.967
0.649
1.000
0.999
0.998
0.997
0.993
0.989
0.916
0.436
0.820
0.998
0.706
0.996
0.343
0.998
0.995
0.994
0.982
0.957
0.957
0.942
0.920
0.720
0.629
0.583
0.508
0.702
0.978
0.992
0.649
0.629
0.924
0.901
0.970
0.437
0.997
0.994
1.000
0.996
0.991
0.959
1.000
0.997
0.995
0.433
0.999
0.999
0.999
0.999
0.998
0.997
0.990
0.989
0.987
0.996
1.000
0.993
0.966
0.446
0.999
0.999
0.999
0.359
0.996
0.991
0.980
0.916
0.797
0.808
0.458
0.983
0.915
0.854
0.667
0.664
0.951
0.862
1.000
0.987
0.998
0.997
0.992
0.929
0.865
0.492
0.996
0.988
0.965
0.998
0.997
0.955
0.806
0.791
0.763
0.689
0.998
0.982
0.999
0.995
0.663
0.824
0.731
0.710
0.571
0.503
0.453
0.995
1.000
1.000
1.000
0.997
0.996
0.996
0.987
0.973
0.947
0.838
1.000
1.000
0.996
0.971
0.554
0.995
0.992
0.991
0.985
0.553
0.995
0.990
0.347
0.980
0.656
1.000
0.996
0.993
0.911
0.997
0.991
0.986
0.950
0.938
0.901
0.816
0.606
0.579
0.996
0.631
0.989
0.998
0.998
0.998
0.996
0.994
0.990
0.990
0.968
0.999
0.999
0.871
0.588
0.998
0.998
0.995
0.967
0.964
0.964
0.999
0.997
0.997
0.974
0.947
0.925
0.508
0.384
0.994
0.868
0.810
0.997
0.985
0.913
0.304
0.815
0.730
0.715
0.560
0.475
0.307
0.930
0.474
0.999
0.989
0.729
0.624
0.533
0.999
0.991
0.949
0.963
0.607
0.342
0.999
0.995
0.986
0.941
0.998
0.994
0.954
1.000
0.958
0.998
0.806
0.995
0.941
1.000
0.915
0.998
0.986
0.995
0.992
0.989
0.975
0.967
1.000
0.998
0.998
0.988
0.938
0.959
0.777
0.999
0.863
0.511
0.343
0.998
0.992
0.997
0.996
0.998
1.000
0.993
0.989
0.975
1.000
0.995
0.995
0.990
0.968
0.955
0.777
0.712
0.912
0.827
0.766
0.402
0.998
0.984
0.610
1.000
0.961
0.493
0.409
0.793
0.994
0.952
1.000
0.984
0.980
0.977
0.999
0.986
0.891
0.997
0.896
0.568
0.979
0.893
0.782
0.628
0.545
0.991
0.991
0.967
0.880
0.999
0.988
0.978
0.663
0.533
0.982
0.919
0.916
0.993
0.999
0.999
0.998
0.997
0.993
0.992
0.990
0.976
0.927
0.903
0.711
0.337
0.988
0.864
0.998
0.989
0.394
0.955
0.884
0.409
0.386
0.998
0.723
0.511
0.397
1.000
0.890
0.836
0.715
0.648
0.540
0.326
1.000
0.999
0.999
0.996
0.990
0.973
0.934
0.933
0.883
0.881
0.318
0.998
0.982
0.891
0.996
0.952
0.886
1.000
0.998
0.991
0.963
0.998
0.998
0.954
0.949
0.373
0.981
0.972
0.609
0.344
0.998
0.977
0.888
0.634
0.997
0.993
0.992
0.983
0.965
0.943
0.765
0.511
1.000
0.997
0.746
0.998
0.998
0.995
0.981
0.979
0.938
0.871
0.759
0.684
0.546
0.995
1.000
0.996
0.991
0.999
0.997
0.994
0.993
0.988
0.985
0.970
0.967
0.938
0.859
0.545
0.492
0.396
1.000
1.000
0.999
0.999
0.989
0.785
0.999
1.000
0.999
0.997
0.878
0.496
0.582
0.998
0.807
1.000
0.998
0.702
0.986
0.979
0.576
0.488
0.403
0.999
0.998
0.997
0.994
0.993
0.991
0.982
0.982
0.977
0.963
0.961
0.898
0.469
0.972
0.939
0.915
0.810
0.759
0.938
0.401
0.989
0.988
0.938
0.682
1.000
0.998
0.998
0.998
0.997
0.993
0.991
0.988
0.909
0.575
0.561
0.999
0.993
0.992
0.998
0.998
0.995
0.985
0.569
0.999
0.993
0.992
0.975
0.964
0.948
0.941
0.825
0.559
0.981
0.714
0.421
0.406
0.405
0.994
0.923
0.998
0.997
0.999
0.999
0.996
0.994
0.992
0.971
0.964
0.910
0.877
0.987
0.555
0.481
0.305
0.963
0.968
0.700
1.000
0.993
0.979
0.977
0.797
0.994
0.978
0.746
0.613
0.996
0.907
0.643
0.479
0.420
0.998
0.994
0.985
0.981
0.969
0.948
0.947
0.899
0.772
0.578
0.995
0.987
0.987
0.839
0.835
0.802
0.743
0.611
0.999
0.998
0.998
0.997
0.995
0.992
0.991
0.965
0.876
0.431
0.989
0.970
0.992
0.666
0.599
0.554
0.478
0.962
0.877
0.998
0.995
0.682
0.999
0.997
0.996
0.983
0.969
0.963
0.834
0.998
0.998
0.995
0.892
0.531
0.997
0.989
0.976
0.938
0.998
0.999
0.330
1.000
0.996
0.990
0.979
0.484
0.952
0.940
0.998
0.999
0.985
0.368
0.960
0.897
0.799
0.655
0.515
0.997
0.985
0.629
0.997
0.995
0.766
0.692
0.878
0.837
0.545
0.433
1.000
1.000
0.937
0.726
0.995
0.946
0.855
0.703
0.340
0.999
0.998
0.724
0.987
0.984
0.973
1.000
1.000
0.999
0.998
0.847
0.801
0.801
1.000
0.999
0.998
0.996
0.985
0.943
0.767
0.685
0.999
0.993
0.962
0.881
0.994
0.980
0.996
0.998
0.882
0.903
0.919
0.397
0.935
0.898
0.998
0.995
0.993
0.948
0.582
0.930
0.601
0.743
0.663
0.364
0.979
0.686
0.372
1.000
0.999
0.953
0.946
0.697
0.999
0.986
0.872
0.583
0.993
0.922
0.448
0.996
0.863
0.624
0.438
0.996
0.985
0.997
0.997
0.994
0.529
0.878
0.997
0.989
0.967
0.876
0.997
0.995
0.995
0.995
0.664
0.999
0.889
0.817
0.704
0.358
0.999
0.999
0.729
0.542
0.998
0.998
0.396
0.341
0.986
0.961
0.876
0.944
0.976
0.999
0.998
1.000
0.999
0.995
0.946
0.942
0.968
0.796
0.715
0.999
0.998
0.994
0.798
0.995
0.995
0.991
0.978
0.965
0.949
0.997
0.964
0.535
1.000
1.000
0.452
0.998
0.679
0.340
0.956
0.912
0.681
0.999
0.997
0.996
0.965
0.957
0.927
0.996
0.775
0.998
0.998
0.997
0.989
0.978
0.972
0.530
0.479
0.999
0.996
0.992
0.983
0.955
0.847
0.559
0.979
0.999
0.989
0.584
0.999
0.996
0.991
0.985
0.980
0.938
0.829
0.828
0.818
0.999
0.994
0.966
0.590
0.997
0.936
0.841
0.508
0.996
0.983
0.826
0.951
0.998
0.982
0.975
1.000
0.999
0.986
0.986
1.000
0.998
0.994
0.993
0.991
0.990
0.989
0.989
0.984
0.980
0.972
0.968
0.963
0.950
0.910
0.640
0.493
0.619
0.999
0.998
0.997
0.951
0.997
0.989
0.983
0.861
0.836
0.597
0.994
0.993
0.978
0.975
0.967
0.950
0.929
0.902
0.855
0.834
0.781
0.745
0.725
0.471
0.361
0.358
1.000
0.992
0.986
0.978
0.973
0.948
1.000
0.999
0.998
0.998
0.997
0.994
0.760
0.558
0.992
0.988
0.988
0.995
0.859
0.553
0.389
0.380
0.985
0.847
1.000
0.995
0.942
0.999
0.999
0.998
0.959
0.359
0.962
0.827
0.784
0.639
0.370
0.994
0.993
0.992
0.979
0.936
0.922
0.722
0.865
1.000
0.994
0.998
0.997
0.991
0.989
0.985
0.976
0.941
0.869
0.848
0.747
0.535
1.000
0.999
0.999
0.414
0.998
0.997
0.998
0.992
0.355
0.999
0.996
0.996
0.915
0.534
0.460
0.995
0.989
0.985
0.978
0.999
0.995
0.991
0.978
0.999
0.995
0.995
0.995
0.994
0.993
0.934
0.800
0.491
0.996
0.993
0.981
0.978
0.934
0.898
0.836
0.982
0.998
0.994
0.992
0.986
0.923
0.911
0.475
0.722
0.524
0.338
1.000
0.999
0.997
0.987
0.994
0.725
0.687
0.635
0.992
0.975
0.950
0.985
0.996
0.933
0.998
0.997
0.997
0.993
0.932
0.924
0.914
0.745
0.637
0.941
1.000
0.995
0.999
0.994
1.000
0.999
0.984
0.983
0.822
0.849
0.515
0.976
0.997
0.992
0.991
0.991
0.986
0.981
0.977
0.927
0.919
0.999
0.999
0.993
0.651
0.978
0.978
0.973
0.972
0.930
0.786
0.687
0.963
0.911
0.779
0.677
0.999
0.999
0.999
0.999
0.999
0.998
0.995
0.994
0.988
0.987
0.981
0.811
0.633
0.688
0.998
1.000
0.944
0.938
0.304
0.982
0.623
0.585
0.968
1.000
0.999
0.999
0.998
0.983
0.997
0.986
0.984
0.845
0.746
0.736
1.000
1.000
1.000
1.000
0.999
0.997
0.975
0.969
0.923
0.915
0.816
0.710
0.636
0.619
0.988
0.998
0.998
0.996
0.996
0.994
0.993
0.987
0.842
0.473
0.310
0.999
0.998
0.997
0.989
0.987
0.971
0.907
0.707
1.000
0.997
0.641
0.999
0.997
0.993
0.951
0.999
0.946
0.897
0.999
0.998
0.997
0.994
0.991
0.984
0.901
1.000
0.999
0.980
0.933
0.700
0.965
0.597
0.390
0.999
0.998
0.988
1.000
0.999
0.999
0.999
0.313
0.992
0.716
0.997
0.987
0.922
0.878
0.841
0.839
0.818
0.999
0.999
0.562
0.994
0.988
0.965
0.750
0.636
0.627
0.309
0.908
0.993
0.849
0.787
0.999
0.998
0.998
0.981
0.976
0.935
0.932
0.872
0.587
0.555
0.999
0.999
0.926
0.832
0.999
0.999
0.995
0.979
0.949
0.948
0.914
0.992
0.361
0.994
0.447
0.416
0.364
0.992
0.945
0.831
0.999
0.787
0.925
0.671
0.989
1.000
0.999
0.999
0.998
0.995
0.994
0.873
0.629
0.990
0.994
0.862
0.613
0.484
0.476
1.000
0.999
0.844
0.387
1.000
0.960
0.966
0.922
0.997
0.996
0.994
0.731
0.999
0.999
1.000
0.995
0.921
0.916
0.856
0.590
1.000
0.990
0.895
0.882
0.723
0.703
0.434
1.000
0.995
0.950
0.941
0.855
0.999
0.998
0.991
0.986
0.985
0.661
0.982
0.989
0.953
0.999
0.996
0.986
0.983
1.000
0.999
0.998
0.993
0.966
0.965
0.946
0.979
0.990
0.986
0.981
0.888
0.455
0.372
1.000
0.993
0.997
0.996
0.999
0.983
0.982
0.964
0.666
0.609
0.506
0.999
0.678
0.999
0.999
0.990
0.965
0.975
1.000
0.998
0.942
0.995
0.863
0.802
0.999
1.000
0.999
0.999
0.999
0.999
0.996
0.996
0.992
0.992
0.987
0.981
0.956
0.830
0.742
1.000
0.791
0.999
0.996
0.992
0.977
0.909
0.465
0.991
0.756
1.000
1.000
1.000
1.000
0.999
0.999
0.999
0.997
0.988
0.984
0.999
0.339
0.996
0.964
1.000
0.998
0.843
0.544
0.999
0.991
0.631
0.628
0.999
0.986
0.726
0.552
0.995
0.992
0.987
0.949
0.934
0.921
0.869
0.998
0.998
0.989
0.923
0.871
0.998
0.871
0.651
0.778
0.997
0.990
0.972
0.891
0.884
0.768
0.736
0.993
0.734
0.632
0.996
0.995
0.984
0.976
0.965
0.954
0.891
0.878
0.771
0.999
0.995
0.991
0.984
0.968
0.957
0.822
0.739
1.000
0.997
0.998
0.968
0.970
1.000
0.988
0.688
0.995
0.999
0.999
0.987
0.986
0.984
0.485
0.999
0.993
0.892
0.838
0.673
1.000
0.981
0.999
0.998
0.884
0.877
0.997
0.978
0.942
0.363
0.996
0.995
0.962
0.899
0.990
0.981
0.805
0.424
0.996
0.623
0.478
0.998
0.996
0.995
0.994
0.993
0.992
0.972
0.969
0.877
0.861
0.480
0.669
0.460
0.783
0.998
1.000
0.999
0.990
0.935
0.895
0.652
0.551
0.999
0.971
0.998
0.998
0.989
0.895
0.994
0.983
0.965
0.995
0.624
0.414
0.998
0.998
0.991
0.989
0.985
0.972
0.965
0.964
0.919
0.838
0.752
0.448
0.410
0.999
0.770
0.997
0.997
0.996
0.992
0.984
0.957
0.956
0.953
0.918
0.846
0.845
0.465
0.992
0.999
0.882
0.736
0.980
0.968
0.872
0.856
0.611
0.472
0.408
0.398
0.661
0.417
0.999
0.999
0.998
0.991
0.990
0.987
0.985
0.983
0.960
0.998
0.994
0.939
0.491
0.995
0.946
0.896
1.000
0.996
0.994
0.984
0.399
0.340
0.999
0.435
0.999
0.995
0.993
0.935
0.992
1.000
0.998
0.921
0.996
0.936
0.339
1.000
0.998
0.984
0.982
0.907
0.650
0.523
0.336
0.847
0.994
0.993
0.905
0.781
0.624
0.310
0.776
0.726
0.633
0.999
0.999
0.998
0.997
0.994
0.994
0.993
0.992
0.992
0.990
0.967
0.958
0.915
0.707
0.983
0.973
0.703
0.999
0.730
0.629
0.974
0.957
0.784
0.290
0.984
0.984
0.635
0.570
0.553
0.534
0.308
0.267
0.177
0.996
0.996
0.996
0.993
0.988
0.986
0.944
0.941
0.873
0.775
0.663
0.421
0.998
0.991
0.983
0.966
0.874
0.857
0.619
0.495
0.999
0.939
0.929
0.860
0.840
0.798
0.701
0.692
0.613
0.524
0.373
0.996
0.987
0.979
0.833
0.541
0.485
0.944
0.822
0.997
0.984
0.980
0.948
0.899
0.668
0.582
0.545
0.544
0.486
0.477
0.345
0.338
0.333
0.300
0.981
0.959
0.810
0.433
0.330
0.318
0.286
0.965
0.792
1.000
0.995
0.413
0.999
0.997
0.995
0.994
0.990
0.989
0.981
0.974
0.939
0.934
0.897
0.890
0.826
0.793
0.782
0.708
0.431
0.402
0.393
0.318
0.318
0.992
0.588
0.999
0.969
0.998
0.405
0.991
0.799
0.363
0.322
0.999
0.981
0.981
0.852
0.670
0.582
0.517
0.504
0.472
0.924
0.791
0.790
0.513
0.999
0.995
0.937
0.999
0.998
0.997
0.586
0.998
0.987
0.343
0.999
0.997
0.968
0.731
0.699
1.000
0.999
0.996
0.992
0.990
0.988
0.973
0.962
0.937
0.927
0.886
0.723
0.682
0.666
0.615
0.519
0.473
0.339
0.316
0.295
0.276
0.183
0.985
0.665
0.211
1.000
0.864
0.996
0.995
0.994
0.980
0.953
0.747
0.550
0.509
0.376
1.000
0.999
0.998
0.994
0.992
0.991
0.967
0.936
0.936
0.887
0.870
0.757
0.722
0.597
0.552
0.546
0.513
0.403
0.330
0.998
0.997
0.997
0.996
0.864
0.333
0.997
0.709
0.774
0.441
0.288
0.279
1.000
0.997
0.995
0.858
0.849
0.718
0.987
0.984
0.970
0.776
0.729
0.994
0.995
0.971
0.871
0.844
0.718
0.554
0.437
0.987
0.307
0.997
0.997
0.995
0.994
0.994
0.990
0.989
0.980
0.977
0.960
0.953
0.929
0.895
0.856
0.841
0.841
0.827
0.741
0.632
0.602
0.507
0.422
0.993
0.993
0.993
0.989
0.988
0.988
0.984
0.975
0.965
0.906
0.894
0.818
0.611
0.470
0.397
0.273
0.999
0.939
0.999
0.974
0.984
0.984
0.635
0.553
0.996
0.996
0.996
0.993
0.986
0.980
0.944
0.941
0.998
0.983
0.966
0.874
0.868
0.619
0.992
0.618
0.523
0.996
0.987
0.965
0.485
0.922
0.822
0.997
0.984
0.980
0.582
0.477
0.981
0.965
0.792
1.000
0.994
0.997
0.995
0.994
0.990
0.985
0.939
0.722
0.708
0.653
0.393
0.318
0.992
0.242
0.999
0.969
0.998
0.991
0.799
0.999
0.981
0.852
0.670
0.472
0.546
0.530
0.513
0.988
0.999
0.998
0.997
0.997
0.343
0.999
0.997
0.731
1.000
0.992
0.990
0.973
0.276
0.985
1.000
0.996
0.995
0.994
0.977
0.882
0.734
1.000
0.991
0.991
0.984
0.936
0.870
0.403
0.998
0.864
0.997
0.702
0.279
1.000
0.995
0.984
0.970
0.993
0.995
0.844
0.987
0.997
0.997
0.995
0.994
0.994
0.980
0.977
0.974
0.960
0.953
0.929
0.856
0.841
0.841
0.993
0.993
0.993
0.988
0.984
0.975
0.965
0.818
0.611
0.999
0.939
0.990
0.989
0.986
0.980
0.925
0.850
0.825
0.750
0.590
0.985
0.982
0.933
0.876
0.525
0.479
0.434
0.200
0.817
0.333
0.970
0.994
0.635
0.509
0.996
0.997
0.995
0.997
0.996
0.926
0.879
0.475
0.999
0.994
0.982
0.975
0.943
0.921
0.827
0.743
0.554
0.308
0.307
0.957
0.807
1.000
0.996
0.780
0.439
0.991
0.915
0.891
0.543
0.892
0.666
0.540
0.996
0.580
0.305
0.167
1.000
0.884
0.884
0.654
0.421
0.356
0.984
0.998
0.998
0.997
0.996
0.978
0.973
0.744
0.319
0.988
0.985
0.978
0.975
0.953
0.912
0.845
0.799
0.793
0.759
0.727
0.685
0.675
0.664
0.623
0.612
0.573
0.552
0.489
0.466
0.997
0.876
0.522
0.444
0.999
0.999
0.998
0.998
0.998
0.997
0.988
0.981
0.970
0.989
0.988
0.753
0.257
0.993
0.982
0.874
0.998
0.994
0.653
0.567
1.000
0.999
0.999
0.999
0.998
0.997
0.997
0.995
0.973
0.821
0.790
0.516
1.000
0.984
0.999
0.980
0.999
0.997
0.993
0.992
0.990
0.947
0.802
0.751
0.998
0.397
0.986
0.996
1.000
1.000
0.998
0.990
0.979
0.949
0.904
0.879
0.773
0.771
0.737
0.694
0.653
0.646
0.497
0.966
1.000
0.996
0.997
0.991
0.850
0.999
0.993
0.990
0.804
0.625
1.000
1.000
1.000
0.999
0.999
0.999
0.998
0.998
0.998
0.997
0.996
0.995
0.987
0.916
0.872
0.999
0.997
0.995
0.896
0.997
0.994
0.992
0.992
0.972
0.940
0.930
0.875
0.815
0.498
0.990
0.998
0.982
0.979
0.670
0.566
0.425
0.936
0.998
0.960
0.886
0.686
1.000
0.998
0.994
0.994
0.939
0.912
0.876
0.856
0.823
0.639
0.578
0.539
0.989
0.999
0.998
0.994
0.984
0.923
0.778
0.996
0.190
0.999
0.998
0.998
0.996
0.994
0.991
0.988
0.986
0.980
0.912
0.754
0.596
0.535
0.447
0.403
0.280
0.999
0.993
0.989
0.989
0.740
1.000
0.999
0.912
0.991
0.919
0.880
0.622
0.350
0.996
0.860
0.827
0.729
0.569
0.385
0.998
0.997
0.994
0.994
0.993
0.985
0.983
0.977
0.953
0.867
0.619
0.509
0.978
0.995
0.998
0.984
0.583
0.573
0.999
0.968
0.996
0.995
0.993
0.989
0.977
0.963
0.922
0.919
0.900
0.884
0.879
0.762
0.484
0.461
0.360
0.306
0.982
0.979
0.998
0.998
0.998
0.979
0.992
0.976
0.976
0.893
0.826
0.301
1.000
1.000
0.999
0.999
0.989
0.970
0.966
0.767
0.748
0.994
0.989
0.999
0.996
0.989
0.880
0.999
0.993
0.992
0.957
0.946
0.919
0.897
0.770
0.670
0.627
0.615
0.453
0.999
0.989
0.974
0.582
0.990
0.988
0.996
0.628
0.998
0.834
0.793
0.554
0.998
0.998
0.989
0.737
0.221
0.670
0.988
0.538
0.994
0.994
0.590
0.533
0.414
0.315
0.996
0.666
0.984
0.879
0.999
0.997
0.975
0.969
0.692
0.640
0.583
0.994
0.826
1.000
0.996
0.476
0.415
0.993
0.956
0.481
0.913
0.998
0.997
0.994
0.867
0.459
0.999
0.974
0.963
0.843
1.000
1.000
0.984
0.982
0.963
0.804
0.247
0.987
0.996
0.995
0.995
0.992
0.998
0.997
0.977
0.986
0.913
0.494
0.994
0.800
0.725
0.623
0.288
0.844
1.000
0.994
0.447
0.974
1.000
0.999
0.994
0.984
0.979
0.723
0.981
0.910
0.354
0.291
0.991
0.445
0.433
0.998
0.990
0.988
0.987
0.983
0.970
0.937
0.678
0.938
0.999
0.997
0.995
0.925
0.999
0.998
0.996
0.950
0.931
0.755
0.703
0.997
0.997
0.996
0.987
0.979
0.973
0.971
0.999
0.997
0.997
0.995
0.994
0.988
0.983
0.981
0.975
0.948
0.832
0.999
0.997
0.992
0.998
1.000
0.998
0.740
0.433
0.855
0.998
0.786
0.478
0.229
1.000
0.993
0.989
0.986
0.893
0.892
0.684
0.613
0.314
0.997
0.989
0.958
0.997
0.989
0.996
0.989
0.985
0.628
0.991
0.986
0.985
0.973
0.963
0.960
0.860
0.840
0.992
0.392
0.999
0.996
0.968
0.839
0.702
0.999
0.998
0.993
0.963
0.926
0.651
0.998
0.996
0.863
0.988
0.974
0.800
0.814
0.439
0.997
0.897
0.811
0.758
0.756
0.607
0.601
0.572
1.000
0.976
0.601
0.416
0.360
0.999
0.997
0.401
0.965
0.757
0.751
0.514
0.465
0.984
0.971
0.940
1.000
0.998
0.787
0.686
0.557
0.529
0.522
0.487
0.998
0.992
0.982
0.919
0.893
0.996
1.000
0.997
0.997
0.992
0.975
0.960
0.998
0.993
0.349
0.999
0.982
0.817
0.971
0.971
0.946
0.999
0.999
0.999
0.998
0.998
0.993
0.987
0.971
0.949
0.942
0.808
0.999
0.999
0.978
0.590
0.470
0.998
0.998
0.990
0.988
0.957
0.661
0.997
0.833
0.599
0.996
0.987
0.991
0.971
0.999
0.998
0.980
0.949
0.999
0.999
0.987
0.956
0.927
0.565
1.000
0.999
0.999
0.999
0.997
0.990
0.961
0.959
0.873
0.838
0.716
0.622
0.871
0.999
0.979
0.831
0.666
0.999
0.997
0.994
0.973
0.888
0.752
0.971
0.449
0.988
0.999
0.980
0.899
0.797
0.795
0.501
0.937
0.996
0.992
0.942
0.935
0.916
0.431
0.935
0.999
0.999
0.844
0.998
0.991
0.869
0.894
0.357
0.158
0.999
0.992
0.986
0.979
0.959
0.482
0.880
0.405
0.997
0.995
0.987
0.884
0.839
0.709
0.705
